001FIL @/POTCOMP.FIG
001DAT 3/14/2025
001TIM  0: 0: 0
300COL 255   0   0 (blue, green & red levels from 0-255)
101FNT  20 Arial
400FNT  1 0 0 0   (bold, italic, underline, strikeout [0 = false])
001SYS KF - LiF - NaF
300COL 255   0   0 (blue, green & red levels from 0-255)
101FNT  14 Arial
400FNT  1 1 0 0   (bold, italic, underline, strikeout [0 = false])
001SY2 Projection (MSFL), 1 atm
100TRN 1
200TRN 1  1
001ACT 
001BCT 
001CCT 
300COL   0   0   0 (blue, green & red levels from 0-255)
101FNT  12 Arial
400FNT  0 0 0 0   (bold, italic, underline, strikeout [0 = false])
010XIN  1.00000000000000E-0001
100XSB 10
100XGP 1
300COL   0   0   0 (blue, green & red levels from 0-255)
210PEN   4   0  4.00000000000000E-0001 (width  mode  style)
100XLG  2.17000000000000E+0002 mm
001XFM #.#####;;0
300COL 192 192 192 (blue, green & red levels from 0-255)
210PEN   4   2  1.00000000000000E-0001 (width  mode  style)
110XGD 0  1.00000000000000E-0001
300COL   0   0   0 (blue, green & red levels from 0-255)
101FNT  12 Arial
400FNT  0 0 0 0   (bold, italic, underline, strikeout [0 = false])
010YIN  1.00000000000000E-0001
100YSB 10
100YGP 1
300COL   0   0   0 (blue, green & red levels from 0-255)
210PEN   4   0  4.00000000000000E-0001 (width  mode  style)
100YLG  1.50000000000000E+0002 mm
001YFM #.#####;;0
300COL 192 192 192 (blue, green & red levels from 0-255)
210PEN   4   2  1.00000000000000E-0001 (width  mode  style)
110YGD 0  1.00000000000000E-0001
010AAB 150 mm
010ABC 150 mm
010ACA 150 mm
040LIM  0.00000000000000E+0000  1.00000000000000E+0000  0.00000000000000E+0000  1.00000000000000E+0000
001CMD NOTOP
001CMD NOBOTTOM
001CMD NOLEFT
001CMD NORIGHT
001CMD NODATE
001CMD NOFILENAME
101LGO 1 Z:\FactHelp\L_Blue.bmp
100TFM 0
100FST 0
200TRP 0 0 (Marks inside = 0 or outisde <> 0;  Reference absolute = 0 or relative to X(i)min <> 0
300COL   0 128   0 (blue, green & red levels from 0-255)
101FNT   7 Arial
400FNT  0 0 0 0   (bold, italic, underline, strikeout [0 = false])
550TFA 1 1 1 2 7  0.00000000000000E+0000  1.00000000000000E+0000  2.50000000000000E-0002  1.00000000000000E-0001  1.00000000000000E-0001
300COL   0 128   0 (blue, green & red levels from 0-255)
101FNT   7 Arial
400FNT  0 0 0 0   (bold, italic, underline, strikeout [0 = false])
550TFB 1 1 1 2 7  0.00000000000000E+0000  1.00000000000000E+0000  2.50000000000000E-0002  1.00000000000000E-0001  1.00000000000000E-0001
300COL   0 128   0 (blue, green & red levels from 0-255)
101FNT   7 Arial
400FNT  0 0 0 0   (bold, italic, underline, strikeout [0 = false])
550TFC 1 1 1 2 7  0.00000000000000E+0000  1.00000000000000E+0000  2.50000000000000E-0002  1.00000000000000E-0001  1.00000000000000E-0001
101FNT 10 Arial
400FNT  0  0  0  0
300COL   0   0   0 (blue, green & red levels from 0-255)
101FNT  10 Arial
400FNT  0 0 0 0   (bold, italic, underline, strikeout [0 = false])
001ALI CENTER
210PEN   4   0  3.00000000000000E-0001 (mode  style width)
300COL 255   0 246 (blue, green & red levels from 0-255)
120EXP  25  9.20000000000000E-0001  3.00000000000000E-0001
300COL 255   0 234 (blue, green & red levels from 0-255)
120EXP  25  9.20000000000000E-0001  3.06000000000000E-0001
300COL 255   0 222 (blue, green & red levels from 0-255)
120EXP  25  9.20000000000000E-0001  3.12000000000000E-0001
300COL 255   0 204 (blue, green & red levels from 0-255)
120EXP  25  9.20000000000000E-0001  3.18000000000000E-0001
300COL 255   0 198 (blue, green & red levels from 0-255)
120EXP  25  9.20000000000000E-0001  3.24000000000000E-0001
300COL 255   0 180 (blue, green & red levels from 0-255)
120EXP  25  9.20000000000000E-0001  3.30000000000000E-0001
300COL 255   0 174 (blue, green & red levels from 0-255)
120EXP  25  9.20000000000000E-0001  3.36000000000000E-0001
300COL 255   0 156 (blue, green & red levels from 0-255)
120EXP  25  9.20000000000000E-0001  3.42000000000000E-0001
300COL 255   0 150 (blue, green & red levels from 0-255)
120EXP  25  9.20000000000000E-0001  3.48000000000000E-0001
300COL 255   0 132 (blue, green & red levels from 0-255)
120EXP  25  9.20000000000000E-0001  3.54000000000000E-0001
300COL 255   0 120 (blue, green & red levels from 0-255)
120EXP  25  9.20000000000000E-0001  3.60000000000000E-0001
300COL 255   0 108 (blue, green & red levels from 0-255)
120EXP  25  9.20000000000000E-0001  3.66000000000000E-0001
300COL 255   0  96 (blue, green & red levels from 0-255)
120EXP  25  9.20000000000000E-0001  3.72000000000000E-0001
300COL 255   0  84 (blue, green & red levels from 0-255)
120EXP  25  9.20000000000000E-0001  3.78000000000000E-0001
300COL 255   0  66 (blue, green & red levels from 0-255)
120EXP  25  9.20000000000000E-0001  3.84000000000000E-0001
300COL 255   0  60 (blue, green & red levels from 0-255)
120EXP  25  9.20000000000000E-0001  3.90000000000000E-0001
300COL 255   0  42 (blue, green & red levels from 0-255)
120EXP  25  9.20000000000000E-0001  3.96000000000000E-0001
300COL 255   0  36 (blue, green & red levels from 0-255)
120EXP  25  9.20000000000000E-0001  4.02000000000000E-0001
300COL 255   0  18 (blue, green & red levels from 0-255)
120EXP  25  9.20000000000000E-0001  4.08000000000000E-0001
300COL 255   0  12 (blue, green & red levels from 0-255)
120EXP  25  9.20000000000000E-0001  4.14000000000000E-0001
300COL 255   9   0 (blue, green & red levels from 0-255)
120EXP  25  9.20000000000000E-0001  4.20000000000000E-0001
300COL 255  21   0 (blue, green & red levels from 0-255)
120EXP  25  9.20000000000000E-0001  4.26000000000000E-0001
300COL 255  33   0 (blue, green & red levels from 0-255)
120EXP  25  9.20000000000000E-0001  4.32000000000000E-0001
300COL 255  45   0 (blue, green & red levels from 0-255)
120EXP  25  9.20000000000000E-0001  4.38000000000000E-0001
300COL 255  57   0 (blue, green & red levels from 0-255)
120EXP  25  9.20000000000000E-0001  4.44000000000000E-0001
300COL 255  69   0 (blue, green & red levels from 0-255)
120EXP  25  9.20000000000000E-0001  4.50000000000000E-0001
300COL 255  81   0 (blue, green & red levels from 0-255)
120EXP  25  9.20000000000000E-0001  4.56000000000000E-0001
300COL 255  99   0 (blue, green & red levels from 0-255)
120EXP  25  9.20000000000000E-0001  4.62000000000000E-0001
300COL 255 105   0 (blue, green & red levels from 0-255)
120EXP  25  9.20000000000000E-0001  4.68000000000000E-0001
300COL 255 123   0 (blue, green & red levels from 0-255)
120EXP  25  9.20000000000000E-0001  4.74000000000000E-0001
300COL 255 129   0 (blue, green & red levels from 0-255)
120EXP  25  9.20000000000000E-0001  4.80000000000000E-0001
300COL 255 147   0 (blue, green & red levels from 0-255)
120EXP  25  9.20000000000000E-0001  4.86000000000000E-0001
300COL 255 159   0 (blue, green & red levels from 0-255)
120EXP  25  9.20000000000000E-0001  4.92000000000000E-0001
300COL 255 171   0 (blue, green & red levels from 0-255)
120EXP  25  9.20000000000000E-0001  4.98000000000000E-0001
300COL 255 183   0 (blue, green & red levels from 0-255)
120EXP  25  9.20000000000000E-0001  5.04000000000000E-0001
300COL 255 195   0 (blue, green & red levels from 0-255)
120EXP  25  9.20000000000000E-0001  5.10000000000000E-0001
300COL 255 207   0 (blue, green & red levels from 0-255)
120EXP  25  9.20000000000000E-0001  5.16000000000000E-0001
300COL 255 219   0 (blue, green & red levels from 0-255)
120EXP  25  9.20000000000000E-0001  5.22000000000000E-0001
300COL 255 237   0 (blue, green & red levels from 0-255)
120EXP  25  9.20000000000000E-0001  5.28000000000000E-0001
300COL 255 243   0 (blue, green & red levels from 0-255)
120EXP  25  9.20000000000000E-0001  5.34000000000000E-0001
300COL 246 255   0 (blue, green & red levels from 0-255)
120EXP  25  9.20000000000000E-0001  5.40000000000000E-0001
300COL 234 255   0 (blue, green & red levels from 0-255)
120EXP  25  9.20000000000000E-0001  5.46000000000000E-0001
300COL 222 255   0 (blue, green & red levels from 0-255)
120EXP  25  9.20000000000000E-0001  5.52000000000000E-0001
300COL 210 255   0 (blue, green & red levels from 0-255)
120EXP  25  9.20000000000000E-0001  5.58000000000000E-0001
300COL 198 255   0 (blue, green & red levels from 0-255)
120EXP  25  9.20000000000000E-0001  5.64000000000000E-0001
300COL 186 255   0 (blue, green & red levels from 0-255)
120EXP  25  9.20000000000000E-0001  5.70000000000000E-0001
300COL 174 255   0 (blue, green & red levels from 0-255)
120EXP  25  9.20000000000000E-0001  5.76000000000000E-0001
300COL 162 255   0 (blue, green & red levels from 0-255)
120EXP  25  9.20000000000000E-0001  5.82000000000000E-0001
300COL 150 255   0 (blue, green & red levels from 0-255)
120EXP  25  9.20000000000000E-0001  5.88000000000000E-0001
300COL 138 255   0 (blue, green & red levels from 0-255)
120EXP  25  9.20000000000000E-0001  5.94000000000000E-0001
300COL 126 255   0 (blue, green & red levels from 0-255)
120EXP  25  9.20000000000000E-0001  6.00000000000000E-0001
300COL 108 255   0 (blue, green & red levels from 0-255)
120EXP  25  9.20000000000000E-0001  6.06000000000000E-0001
300COL  96 255   0 (blue, green & red levels from 0-255)
120EXP  25  9.20000000000000E-0001  6.12000000000000E-0001
300COL  84 255   0 (blue, green & red levels from 0-255)
120EXP  25  9.20000000000000E-0001  6.18000000000000E-0001
300COL  72 255   0 (blue, green & red levels from 0-255)
120EXP  25  9.20000000000000E-0001  6.24000000000000E-0001
300COL  60 255   0 (blue, green & red levels from 0-255)
120EXP  25  9.20000000000000E-0001  6.30000000000000E-0001
300COL  48 255   0 (blue, green & red levels from 0-255)
120EXP  25  9.20000000000000E-0001  6.36000000000000E-0001
300COL  36 255   0 (blue, green & red levels from 0-255)
120EXP  25  9.20000000000000E-0001  6.42000000000000E-0001
300COL  24 255   0 (blue, green & red levels from 0-255)
120EXP  25  9.20000000000000E-0001  6.48000000000000E-0001
300COL  12 255   0 (blue, green & red levels from 0-255)
120EXP  25  9.20000000000000E-0001  6.54000000000000E-0001
300COL   0 255   0 (blue, green & red levels from 0-255)
120EXP  25  9.20000000000000E-0001  6.60000000000000E-0001
300COL   0 255  21 (blue, green & red levels from 0-255)
120EXP  25  9.20000000000000E-0001  6.66000000000000E-0001
300COL   0 255  27 (blue, green & red levels from 0-255)
120EXP  25  9.20000000000000E-0001  6.72000000000000E-0001
300COL   0 255  45 (blue, green & red levels from 0-255)
120EXP  25  9.20000000000000E-0001  6.78000000000000E-0001
300COL   0 255  57 (blue, green & red levels from 0-255)
120EXP  25  9.20000000000000E-0001  6.84000000000000E-0001
300COL   0 255  69 (blue, green & red levels from 0-255)
120EXP  25  9.20000000000000E-0001  6.90000000000000E-0001
300COL   0 255  81 (blue, green & red levels from 0-255)
120EXP  25  9.20000000000000E-0001  6.96000000000000E-0001
300COL   0 255  93 (blue, green & red levels from 0-255)
120EXP  25  9.20000000000000E-0001  7.02000000000000E-0001
300COL   0 255 105 (blue, green & red levels from 0-255)
120EXP  25  9.20000000000000E-0001  7.08000000000000E-0001
300COL   0 255 117 (blue, green & red levels from 0-255)
120EXP  25  9.20000000000000E-0001  7.14000000000000E-0001
300COL   0 255 129 (blue, green & red levels from 0-255)
120EXP  25  9.20000000000000E-0001  7.20000000000000E-0001
300COL   0 255 141 (blue, green & red levels from 0-255)
120EXP  25  9.20000000000000E-0001  7.26000000000000E-0001
300COL   0 255 159 (blue, green & red levels from 0-255)
120EXP  25  9.20000000000000E-0001  7.32000000000000E-0001
300COL   0 255 165 (blue, green & red levels from 0-255)
120EXP  25  9.20000000000000E-0001  7.38000000000000E-0001
300COL   0 255 183 (blue, green & red levels from 0-255)
120EXP  25  9.20000000000000E-0001  7.44000000000000E-0001
300COL   0 255 195 (blue, green & red levels from 0-255)
120EXP  25  9.20000000000000E-0001  7.50000000000000E-0001
300COL   0 255 207 (blue, green & red levels from 0-255)
120EXP  25  9.20000000000000E-0001  7.56000000000000E-0001
300COL   0 255 219 (blue, green & red levels from 0-255)
120EXP  25  9.20000000000000E-0001  7.62000000000000E-0001
300COL   0 255 231 (blue, green & red levels from 0-255)
120EXP  25  9.20000000000000E-0001  7.68000000000000E-0001
300COL   0 255 243 (blue, green & red levels from 0-255)
120EXP  25  9.20000000000000E-0001  7.74000000000000E-0001
300COL   0 255 255 (blue, green & red levels from 0-255)
120EXP  25  9.20000000000000E-0001  7.80000000000000E-0001
300COL   0 234 255 (blue, green & red levels from 0-255)
120EXP  25  9.20000000000000E-0001  7.86000000000000E-0001
300COL   0 228 255 (blue, green & red levels from 0-255)
120EXP  25  9.20000000000000E-0001  7.92000000000000E-0001
300COL   0 210 255 (blue, green & red levels from 0-255)
120EXP  25  9.20000000000000E-0001  7.98000000000000E-0001
300COL   0 204 255 (blue, green & red levels from 0-255)
120EXP  25  9.20000000000000E-0001  8.04000000000000E-0001
300COL   0 186 255 (blue, green & red levels from 0-255)
120EXP  25  9.20000000000000E-0001  8.10000000000000E-0001
300COL   0 180 255 (blue, green & red levels from 0-255)
120EXP  25  9.20000000000000E-0001  8.16000000000000E-0001
300COL   0 162 255 (blue, green & red levels from 0-255)
120EXP  25  9.20000000000000E-0001  8.22000000000000E-0001
300COL   0 150 255 (blue, green & red levels from 0-255)
120EXP  25  9.20000000000000E-0001  8.28000000000000E-0001
300COL   0 138 255 (blue, green & red levels from 0-255)
120EXP  25  9.20000000000000E-0001  8.34000000000000E-0001
300COL   0 120 255 (blue, green & red levels from 0-255)
120EXP  25  9.20000000000000E-0001  8.40000000000000E-0001
300COL   0 114 255 (blue, green & red levels from 0-255)
120EXP  25  9.20000000000000E-0001  8.46000000000000E-0001
300COL   0  96 255 (blue, green & red levels from 0-255)
120EXP  25  9.20000000000000E-0001  8.52000000000000E-0001
300COL   0  90 255 (blue, green & red levels from 0-255)
120EXP  25  9.20000000000000E-0001  8.58000000000000E-0001
300COL   0  72 255 (blue, green & red levels from 0-255)
120EXP  25  9.20000000000000E-0001  8.64000000000000E-0001
300COL   0  66 255 (blue, green & red levels from 0-255)
120EXP  25  9.20000000000000E-0001  8.70000000000000E-0001
300COL   0  48 255 (blue, green & red levels from 0-255)
120EXP  25  9.20000000000000E-0001  8.76000000000000E-0001
300COL   0  42 255 (blue, green & red levels from 0-255)
120EXP  25  9.20000000000000E-0001  8.82000000000000E-0001
300COL   0  24 255 (blue, green & red levels from 0-255)
120EXP  25  9.20000000000000E-0001  8.88000000000000E-0001
300COL   0  12 255 (blue, green & red levels from 0-255)
120EXP  25  9.20000000000000E-0001  8.94000000000000E-0001
300COL   0   0 255 (blue, green & red levels from 0-255)
120EXP  25  9.20000000000000E-0001  9.00000000000000E-0001
300COL   0   0   0 (blue, green & red levels from 0-255)
120EXP  25  9.20000000000000E-0001 -4.00000000000000E-0001
120EXP  25  9.20000000000000E-0001 -4.00000000000000E-0001
300COL 255   0 228 (blue, green & red levels from 0-255)
800COL 5001   1 255   0 228    0 128 128 (blue, green & red levels from 0-255)
210PEN   4   0  3.00000011920929E-0001 (mode  style width)
801LIN  5001 0 1 255 255 255 0 1 760 K FM3M#1 // isotherm  5001
130EXP   0  4.64072500000000E-0001  5.35916390000001E-0002  4.82335861000000E-0001
130EXP  -1  4.69401303000000E-0001  4.00992310000001E-0002  4.90499466000000E-0001
130EXP  -1  4.74710074000000E-0001  2.68658730000001E-0002  4.98424053000000E-0001
130EXP  -1  4.77334829000000E-0001  2.03442699999999E-0002  5.02320901000000E-0001
130EXP  -1  4.78639952000000E-0001  1.71069550000000E-0002  5.04253093000000E-0001
130EXP  -1  4.78965485000000E-0001  1.63000599999999E-0002  5.04734455000000E-0001
130EXP  -1  4.79016463000000E-0001  1.60967040000000E-0002  5.04886833000000E-0001
130EXP  -1  4.79054453000000E-0001  1.60486670000000E-0002  5.04896880000000E-0001
130EXP  -1  4.79045876000000E-0001  1.61008320000001E-0002  5.04853292000000E-0001
130EXP  -1  4.79004233000000E-0001  1.62040310000000E-0002  5.04791736000000E-0001
130EXP  -1  4.78920934000000E-0001  1.64104740000000E-0002  5.04668592000000E-0001
130EXP  -1  4.78754277000000E-0001  1.68235520000000E-0002  5.04422171000000E-0001
130EXP  -1  4.78420729000000E-0001  1.76504710000001E-0002  5.03928800000000E-0001
130EXP  -1  4.77752692000000E-0001  1.93073720000000E-0002  5.02939936000000E-0001
130EXP  -1  4.76412833000000E-0001  2.26334580000000E-0002  5.00953709000000E-0001
130EXP  -1  4.73717796000000E-0001  2.93350610000000E-0002  4.96947143000000E-0001
130EXP  -1  4.68393961000000E-0001  4.26165219999999E-0002  4.88989517000000E-0001
130EXP  -1  4.64072500000000E-0001  5.35916390000001E-0002  4.82335861000000E-0001
800COL 5001   1 255   0 228    0 128 128 (blue, green & red levels from 0-255)
801LIN  5001 0 1 255 255 255 0 1 760 K FM3M#1 // isotherm  5001
130EXP   0  4.64072500000000E-0001  5.35916390000001E-0002  4.82335861000000E-0001
130EXP  -1  4.69401303000000E-0001  4.00992310000001E-0002  4.90499466000000E-0001
130EXP  -1  4.74710074000000E-0001  2.68658730000001E-0002  4.98424053000000E-0001
130EXP  -1  4.77334829000000E-0001  2.03442699999999E-0002  5.02320901000000E-0001
130EXP  -1  4.78639952000000E-0001  1.71069550000000E-0002  5.04253093000000E-0001
130EXP  -1  4.78965485000000E-0001  1.63000599999999E-0002  5.04734455000000E-0001
130EXP  -1  4.79016463000000E-0001  1.60967040000000E-0002  5.04886833000000E-0001
130EXP  -1  4.79054453000000E-0001  1.60486670000000E-0002  5.04896880000000E-0001
130EXP  -1  4.79045876000000E-0001  1.61008320000001E-0002  5.04853292000000E-0001
130EXP  -1  4.79004233000000E-0001  1.62040310000000E-0002  5.04791736000000E-0001
130EXP  -1  4.78920934000000E-0001  1.64104740000000E-0002  5.04668592000000E-0001
130EXP  -1  4.78754277000000E-0001  1.68235520000000E-0002  5.04422171000000E-0001
130EXP  -1  4.78420729000000E-0001  1.76504710000001E-0002  5.03928800000000E-0001
130EXP  -1  4.77752692000000E-0001  1.93073720000000E-0002  5.02939936000000E-0001
130EXP  -1  4.76412833000000E-0001  2.26334580000000E-0002  5.00953709000000E-0001
130EXP  -1  4.73717796000000E-0001  2.93350610000000E-0002  4.96947143000000E-0001
130EXP  -1  4.68393961000000E-0001  4.26165219999999E-0002  4.88989517000000E-0001
130EXP  -1  4.64072500000000E-0001  5.35916390000001E-0002  4.82335861000000E-0001
300COL 255   0 216 (blue, green & red levels from 0-255)
800COL 5002   1 255   0 216    0 128 128 (blue, green & red levels from 0-255)
801LIN  5002 0 1 255 255 255 0 1 765 K FM3M#1 // isotherm  5002
130EXP   0  4.89129443000000E-0001  1.00000000000100E-0005  5.10860557000000E-0001
130EXP  -1  4.88927482000000E-0001  5.10520999999931E-0004  5.10561997000000E-0001
130EXP  -1  4.83841095000000E-0001  1.31490720000000E-0002  5.03009833000000E-0001
130EXP  -1  4.78680581000000E-0001  2.60322330000000E-0002  4.95287186000000E-0001
130EXP  -1  4.73442787000000E-0001  3.91649590000001E-0002  4.87392254000000E-0001
130EXP  -1  4.68125188000000E-0001  5.25524789999999E-0002  4.79322333000000E-0001
130EXP  -1  4.62725869000000E-0001  6.62002290000000E-0002  4.71073902000000E-0001
130EXP  -1  4.57243493000000E-0001  8.01137820000000E-0002  4.62642725000000E-0001
130EXP  -1  4.51677264000000E-0001  9.42987830000000E-0002  4.54023953000000E-0001
130EXP  -1  4.46026888000000E-0001  1.08760900000000E-0001  4.45212212000000E-0001
130EXP  -1  4.40292531000000E-0001  1.23505766000000E-0001  4.36201703000000E-0001
130EXP  -1  4.37394027000000E-0001  1.30985966000000E-0001  4.31620007000000E-0001
130EXP  -1  4.35936986000000E-0001  1.34753310000000E-0001  4.29309704000000E-0001
130EXP  -1  4.35571917000000E-0001  1.35697999000000E-0001  4.28730084000000E-0001
130EXP  -1  4.35549090000000E-0001  1.35757079000000E-0001  4.28693831000000E-0001
130EXP  -1  4.35450089000000E-0001  1.35788841000000E-0001  4.28761070000000E-0001
130EXP  -1  4.35257127000000E-0001  1.35805565000000E-0001  4.28937308000000E-0001
130EXP  -1  4.34871139000000E-0001  1.35839099000000E-0001  4.29289762000000E-0001
130EXP  -1  4.34098907000000E-0001  1.35906522000000E-0001  4.29994571000000E-0001
130EXP  -1  4.32553430000000E-0001  1.36042778000000E-0001  4.31403792000000E-0001
130EXP  -1  4.29458491000000E-0001  1.36320973000000E-0001  4.34220536000000E-0001
130EXP  -1  4.23253249000000E-0001  1.36900326000000E-0001  4.39846425000000E-0001
130EXP  -1  4.10785759000000E-0001  1.38152670000000E-0001  4.51061571000000E-0001
130EXP  -1  3.86248287000000E-0001  1.40970304000000E-0001  4.72781409000000E-0001
130EXP  -1  3.73905729000000E-0001  1.42568376000000E-0001  4.83525895000000E-0001
130EXP  -1  3.73132952000000E-0001  1.42672509000000E-0001  4.84194539000000E-0001
130EXP  -1  3.72746506000000E-0001  1.42724765000000E-0001  4.84528729000000E-0001
130EXP  -1  3.72650459000000E-0001  1.42735550000000E-0001  4.84613991000000E-0001
130EXP  -1  3.72703723000000E-0001  1.42670343000000E-0001  4.84625934000000E-0001
130EXP  -1  3.72810229000000E-0001  1.42539954000000E-0001  4.84649817000000E-0001
130EXP  -1  3.73342353000000E-0001  1.41888476000000E-0001  4.84769171000000E-0001
130EXP  -1  3.86425257000000E-0001  1.25855652000000E-0001  4.87719091000000E-0001
130EXP  -1  3.99088749000000E-0001  1.10305928000000E-0001  4.90605323000000E-0001
130EXP  -1  4.11340155000000E-0001  9.52294579999999E-0002  4.93430387000000E-0001
130EXP  -1  4.23187752000000E-0001  8.06153350000000E-0002  4.96196913000000E-0001
130EXP  -1  4.34640536000000E-0001  6.64517530000000E-0002  4.98907711000000E-0001
130EXP  -1  4.45708103000000E-0001  5.27261700000000E-0002  5.01565727000000E-0001
130EXP  -1  4.56400486000000E-0001  3.94254630000000E-0002  5.04174051000000E-0001
130EXP  -1  4.66728017000000E-0001  2.65360620000000E-0002  5.06735921000000E-0001
130EXP  -1  4.76701189000000E-0001  1.40440850000000E-0002  5.09254726000000E-0001
130EXP  -1  4.86330522000000E-0001  1.93543099999999E-0003  5.11734047000000E-0001
130EXP  -1  4.87857983000000E-0001  1.00000000000100E-0005  5.12132017000000E-0001
800COL 5002   1 255   0 216    0 128 128 (blue, green & red levels from 0-255)
801LIN  5002 0 1 255 255 255 0 1 765 K FM3M#1 // isotherm  5002
130EXP   0  4.89129443000000E-0001  1.00000000000100E-0005  5.10860557000000E-0001
130EXP  -1  4.88927482000000E-0001  5.10520999999931E-0004  5.10561997000000E-0001
130EXP  -1  4.83841095000000E-0001  1.31490720000000E-0002  5.03009833000000E-0001
130EXP  -1  4.78680581000000E-0001  2.60322330000000E-0002  4.95287186000000E-0001
130EXP  -1  4.73442787000000E-0001  3.91649590000001E-0002  4.87392254000000E-0001
130EXP  -1  4.68125188000000E-0001  5.25524789999999E-0002  4.79322333000000E-0001
130EXP  -1  4.62725869000000E-0001  6.62002290000000E-0002  4.71073902000000E-0001
130EXP  -1  4.57243493000000E-0001  8.01137820000000E-0002  4.62642725000000E-0001
130EXP  -1  4.51677264000000E-0001  9.42987830000000E-0002  4.54023953000000E-0001
130EXP  -1  4.46026888000000E-0001  1.08760900000000E-0001  4.45212212000000E-0001
130EXP  -1  4.40292531000000E-0001  1.23505766000000E-0001  4.36201703000000E-0001
130EXP  -1  4.37394027000000E-0001  1.30985966000000E-0001  4.31620007000000E-0001
130EXP  -1  4.35936986000000E-0001  1.34753310000000E-0001  4.29309704000000E-0001
130EXP  -1  4.35571917000000E-0001  1.35697999000000E-0001  4.28730084000000E-0001
130EXP  -1  4.35549090000000E-0001  1.35757079000000E-0001  4.28693831000000E-0001
130EXP  -1  4.35450089000000E-0001  1.35788841000000E-0001  4.28761070000000E-0001
130EXP  -1  4.35257127000000E-0001  1.35805565000000E-0001  4.28937308000000E-0001
130EXP  -1  4.34871139000000E-0001  1.35839099000000E-0001  4.29289762000000E-0001
130EXP  -1  4.34098907000000E-0001  1.35906522000000E-0001  4.29994571000000E-0001
130EXP  -1  4.32553430000000E-0001  1.36042778000000E-0001  4.31403792000000E-0001
130EXP  -1  4.29458491000000E-0001  1.36320973000000E-0001  4.34220536000000E-0001
130EXP  -1  4.23253249000000E-0001  1.36900326000000E-0001  4.39846425000000E-0001
130EXP  -1  4.10785759000000E-0001  1.38152670000000E-0001  4.51061571000000E-0001
130EXP  -1  3.86248287000000E-0001  1.40970304000000E-0001  4.72781409000000E-0001
130EXP  -1  3.73905729000000E-0001  1.42568376000000E-0001  4.83525895000000E-0001
130EXP  -1  3.73132952000000E-0001  1.42672509000000E-0001  4.84194539000000E-0001
130EXP  -1  3.72746506000000E-0001  1.42724765000000E-0001  4.84528729000000E-0001
130EXP  -1  3.72650459000000E-0001  1.42735550000000E-0001  4.84613991000000E-0001
130EXP  -1  3.72703723000000E-0001  1.42670343000000E-0001  4.84625934000000E-0001
130EXP  -1  3.72810229000000E-0001  1.42539954000000E-0001  4.84649817000000E-0001
130EXP  -1  3.73342353000000E-0001  1.41888476000000E-0001  4.84769171000000E-0001
130EXP  -1  3.86425257000000E-0001  1.25855652000000E-0001  4.87719091000000E-0001
130EXP  -1  3.99088749000000E-0001  1.10305928000000E-0001  4.90605323000000E-0001
130EXP  -1  4.11340155000000E-0001  9.52294579999999E-0002  4.93430387000000E-0001
130EXP  -1  4.23187752000000E-0001  8.06153350000000E-0002  4.96196913000000E-0001
130EXP  -1  4.34640536000000E-0001  6.64517530000000E-0002  4.98907711000000E-0001
130EXP  -1  4.45708103000000E-0001  5.27261700000000E-0002  5.01565727000000E-0001
130EXP  -1  4.56400486000000E-0001  3.94254630000000E-0002  5.04174051000000E-0001
130EXP  -1  4.66728017000000E-0001  2.65360620000000E-0002  5.06735921000000E-0001
130EXP  -1  4.76701189000000E-0001  1.40440850000000E-0002  5.09254726000000E-0001
130EXP  -1  4.86330522000000E-0001  1.93543099999999E-0003  5.11734047000000E-0001
130EXP  -1  4.87857983000000E-0001  1.00000000000100E-0005  5.12132017000000E-0001
800COL 5002   1 255   0 216    0 128 128 (blue, green & red levels from 0-255)
801LIN  5002 0 1 255 255 255 0 1 765 K FM3M#1 // isotherm  5002
130EXP   0  4.89129443000000E-0001  1.00000000000100E-0005  5.10860557000000E-0001
130EXP  -1  4.88927482000000E-0001  5.10520999999931E-0004  5.10561997000000E-0001
130EXP  -1  4.83841095000000E-0001  1.31490720000000E-0002  5.03009833000000E-0001
130EXP  -1  4.78680581000000E-0001  2.60322330000000E-0002  4.95287186000000E-0001
130EXP  -1  4.73442787000000E-0001  3.91649590000001E-0002  4.87392254000000E-0001
130EXP  -1  4.68125188000000E-0001  5.25524789999999E-0002  4.79322333000000E-0001
130EXP  -1  4.62725869000000E-0001  6.62002290000000E-0002  4.71073902000000E-0001
130EXP  -1  4.57243493000000E-0001  8.01137820000000E-0002  4.62642725000000E-0001
130EXP  -1  4.51677264000000E-0001  9.42987830000000E-0002  4.54023953000000E-0001
130EXP  -1  4.46026888000000E-0001  1.08760900000000E-0001  4.45212212000000E-0001
130EXP  -1  4.40292531000000E-0001  1.23505766000000E-0001  4.36201703000000E-0001
130EXP  -1  4.37394027000000E-0001  1.30985966000000E-0001  4.31620007000000E-0001
130EXP  -1  4.35936986000000E-0001  1.34753310000000E-0001  4.29309704000000E-0001
130EXP  -1  4.35571917000000E-0001  1.35697999000000E-0001  4.28730084000000E-0001
130EXP  -1  4.35549090000000E-0001  1.35757079000000E-0001  4.28693831000000E-0001
130EXP  -1  4.35450089000000E-0001  1.35788841000000E-0001  4.28761070000000E-0001
130EXP  -1  4.35257127000000E-0001  1.35805565000000E-0001  4.28937308000000E-0001
130EXP  -1  4.34871139000000E-0001  1.35839099000000E-0001  4.29289762000000E-0001
130EXP  -1  4.34098907000000E-0001  1.35906522000000E-0001  4.29994571000000E-0001
130EXP  -1  4.32553430000000E-0001  1.36042778000000E-0001  4.31403792000000E-0001
130EXP  -1  4.29458491000000E-0001  1.36320973000000E-0001  4.34220536000000E-0001
130EXP  -1  4.23253249000000E-0001  1.36900326000000E-0001  4.39846425000000E-0001
130EXP  -1  4.10785759000000E-0001  1.38152670000000E-0001  4.51061571000000E-0001
130EXP  -1  3.86248287000000E-0001  1.40970304000000E-0001  4.72781409000000E-0001
130EXP  -1  3.73905729000000E-0001  1.42568376000000E-0001  4.83525895000000E-0001
130EXP  -1  3.73132952000000E-0001  1.42672509000000E-0001  4.84194539000000E-0001
130EXP  -1  3.72746506000000E-0001  1.42724765000000E-0001  4.84528729000000E-0001
130EXP  -1  3.72650459000000E-0001  1.42735550000000E-0001  4.84613991000000E-0001
130EXP  -1  3.72703723000000E-0001  1.42670343000000E-0001  4.84625934000000E-0001
130EXP  -1  3.72810229000000E-0001  1.42539954000000E-0001  4.84649817000000E-0001
130EXP  -1  3.73342353000000E-0001  1.41888476000000E-0001  4.84769171000000E-0001
130EXP  -1  3.86425257000000E-0001  1.25855652000000E-0001  4.87719091000000E-0001
130EXP  -1  3.99088749000000E-0001  1.10305928000000E-0001  4.90605323000000E-0001
130EXP  -1  4.11340155000000E-0001  9.52294579999999E-0002  4.93430387000000E-0001
130EXP  -1  4.23187752000000E-0001  8.06153350000000E-0002  4.96196913000000E-0001
130EXP  -1  4.34640536000000E-0001  6.64517530000000E-0002  4.98907711000000E-0001
130EXP  -1  4.45708103000000E-0001  5.27261700000000E-0002  5.01565727000000E-0001
130EXP  -1  4.56400486000000E-0001  3.94254630000000E-0002  5.04174051000000E-0001
130EXP  -1  4.66728017000000E-0001  2.65360620000000E-0002  5.06735921000000E-0001
130EXP  -1  4.76701189000000E-0001  1.40440850000000E-0002  5.09254726000000E-0001
130EXP  -1  4.86330522000000E-0001  1.93543099999999E-0003  5.11734047000000E-0001
130EXP  -1  4.87857983000000E-0001  1.00000000000100E-0005  5.12132017000000E-0001
300COL 255   0 204 (blue, green & red levels from 0-255)
800COL 5003   1 255   0 204    0 128 128 (blue, green & red levels from 0-255)
801LIN  5003 0 1 255 255 255 0 1 770 K FM3M#1 // isotherm  5003
130EXP   0  4.92758141000000E-0001  1.00000000000100E-0005  5.07231859000000E-0001
130EXP  -1  4.92558745000000E-0001  5.07230999999997E-0004  5.06934024000000E-0001
130EXP  -1  4.87537067000000E-0001  1.30621009999999E-0002  4.99400832000000E-0001
130EXP  -1  4.82442397000000E-0001  2.58587779999999E-0002  4.91698825000000E-0001
130EXP  -1  4.77271552000000E-0001  3.89021580000000E-0002  4.83826290000000E-0001
130EXP  -1  4.72021947000000E-0001  5.21974150000000E-0002  4.75780638000000E-0001
130EXP  -1  4.66691581000000E-0001  6.57499330000000E-0002  4.67558486000000E-0001
130EXP  -1  4.61279007000000E-0001  7.95652379999999E-0002  4.59155755000000E-0001
130EXP  -1  4.55783295000000E-0001  9.36489440000000E-0002  4.50567761000000E-0001
130EXP  -1  4.50203995000000E-0001  1.08006697000000E-0001  4.41789308000000E-0001
130EXP  -1  4.44541099000000E-0001  1.22644122000000E-0001  4.32814779000000E-0001
130EXP  -1  4.38794993000000E-0001  1.37566785000000E-0001  4.23638222000000E-0001
130EXP  -1  4.38433114000000E-0001  1.38509047000000E-0001  4.23057839000000E-0001
130EXP  -1  4.38252053000000E-0001  1.38980605000000E-0001  4.22767342000000E-0001
130EXP  -1  4.38161493000000E-0001  1.39216490000000E-0001  4.22622017000000E-0001
130EXP  -1  4.38054999000000E-0001  1.39334877000000E-0001  4.22610124000000E-0001
130EXP  -1  4.37867463000000E-0001  1.39350716000000E-0001  4.22781821000000E-0001
130EXP  -1  4.37492324000000E-0001  1.39382476000000E-0001  4.23125200000000E-0001
130EXP  -1  4.36741783000000E-0001  1.39446329000000E-0001  4.23811888000000E-0001
130EXP  -1  4.35239654000000E-0001  1.39575374000000E-0001  4.25184972000000E-0001
130EXP  -1  4.32231280000000E-0001  1.39838843000000E-0001  4.27929877000000E-0001
130EXP  -1  4.26198606000000E-0001  1.40387540000000E-0001  4.33413854000000E-0001
130EXP  -1  4.14073839000000E-0001  1.41573753000000E-0001  4.44352408000000E-0001
130EXP  -1  3.89619460000000E-0001  1.44313860000000E-0001  4.66066680000000E-0001
130EXP  -1  3.64953513000000E-0001  1.47561729000000E-0001  4.87484758000000E-0001
130EXP  -1  3.64566803000000E-0001  1.47616582000000E-0001  4.87816615000000E-0001
130EXP  -1  3.64470120000000E-0001  1.47630316000000E-0001  4.87899564000000E-0001
130EXP  -1  3.64520169000000E-0001  1.47563676000000E-0001  4.87916155000000E-0001
130EXP  -1  3.64628233000000E-0001  1.47431661000000E-0001  4.87940106000000E-0001
130EXP  -1  3.65168146000000E-0001  1.46772055000000E-0001  4.88059799000000E-0001
130EXP  -1  3.78445150000000E-0001  1.30536705000000E-0001  4.91018145000000E-0001
130EXP  -1  3.91301054000000E-0001  1.14786199000000E-0001  4.93912747000000E-0001
130EXP  -1  4.03742556000000E-0001  9.95112870000000E-0002  4.96746157000000E-0001
130EXP  -1  4.15777384000000E-0001  8.47015970000000E-0002  4.99521019000000E-0001
130EXP  -1  4.27414067000000E-0001  7.03457849999999E-0002  5.02240148000000E-0001
130EXP  -1  4.38661805000000E-0001  5.64317040000000E-0002  5.04906491000000E-0001
130EXP  -1  4.49530311000000E-0001  4.29465589999999E-0002  5.07523130000000E-0001
130EXP  -1  4.60029663000000E-0001  2.98770490000000E-0002  5.10093288000000E-0001
130EXP  -1  4.70170166000000E-0001  1.72094980000000E-0002  5.12620336000000E-0001
130EXP  -1  4.79962221000000E-0001  4.92996099999993E-0003  5.15107818000000E-0001
130EXP  -1  4.83874071000000E-0001  9.99999999995449E-0006  5.16115929000000E-0001
800COL 5003   1 255   0 204    0 128 128 (blue, green & red levels from 0-255)
801LIN  5003 0 1 255 255 255 0 1 770 K FM3M#1 // isotherm  5003
130EXP   0  4.92758141000000E-0001  1.00000000000100E-0005  5.07231859000000E-0001
130EXP  -1  4.92558745000000E-0001  5.07230999999997E-0004  5.06934024000000E-0001
130EXP  -1  4.87537067000000E-0001  1.30621009999999E-0002  4.99400832000000E-0001
130EXP  -1  4.82442397000000E-0001  2.58587779999999E-0002  4.91698825000000E-0001
130EXP  -1  4.77271552000000E-0001  3.89021580000000E-0002  4.83826290000000E-0001
130EXP  -1  4.72021947000000E-0001  5.21974150000000E-0002  4.75780638000000E-0001
130EXP  -1  4.66691581000000E-0001  6.57499330000000E-0002  4.67558486000000E-0001
130EXP  -1  4.61279007000000E-0001  7.95652379999999E-0002  4.59155755000000E-0001
130EXP  -1  4.55783295000000E-0001  9.36489440000000E-0002  4.50567761000000E-0001
130EXP  -1  4.50203995000000E-0001  1.08006697000000E-0001  4.41789308000000E-0001
130EXP  -1  4.44541099000000E-0001  1.22644122000000E-0001  4.32814779000000E-0001
130EXP  -1  4.38794993000000E-0001  1.37566785000000E-0001  4.23638222000000E-0001
130EXP  -1  4.38433114000000E-0001  1.38509047000000E-0001  4.23057839000000E-0001
130EXP  -1  4.38252053000000E-0001  1.38980605000000E-0001  4.22767342000000E-0001
130EXP  -1  4.38161493000000E-0001  1.39216490000000E-0001  4.22622017000000E-0001
130EXP  -1  4.38054999000000E-0001  1.39334877000000E-0001  4.22610124000000E-0001
130EXP  -1  4.37867463000000E-0001  1.39350716000000E-0001  4.22781821000000E-0001
130EXP  -1  4.37492324000000E-0001  1.39382476000000E-0001  4.23125200000000E-0001
130EXP  -1  4.36741783000000E-0001  1.39446329000000E-0001  4.23811888000000E-0001
130EXP  -1  4.35239654000000E-0001  1.39575374000000E-0001  4.25184972000000E-0001
130EXP  -1  4.32231280000000E-0001  1.39838843000000E-0001  4.27929877000000E-0001
130EXP  -1  4.26198606000000E-0001  1.40387540000000E-0001  4.33413854000000E-0001
130EXP  -1  4.14073839000000E-0001  1.41573753000000E-0001  4.44352408000000E-0001
130EXP  -1  3.89619460000000E-0001  1.44313860000000E-0001  4.66066680000000E-0001
130EXP  -1  3.64953513000000E-0001  1.47561729000000E-0001  4.87484758000000E-0001
130EXP  -1  3.64566803000000E-0001  1.47616582000000E-0001  4.87816615000000E-0001
130EXP  -1  3.64470120000000E-0001  1.47630316000000E-0001  4.87899564000000E-0001
130EXP  -1  3.64520169000000E-0001  1.47563676000000E-0001  4.87916155000000E-0001
130EXP  -1  3.64628233000000E-0001  1.47431661000000E-0001  4.87940106000000E-0001
130EXP  -1  3.65168146000000E-0001  1.46772055000000E-0001  4.88059799000000E-0001
130EXP  -1  3.78445150000000E-0001  1.30536705000000E-0001  4.91018145000000E-0001
130EXP  -1  3.91301054000000E-0001  1.14786199000000E-0001  4.93912747000000E-0001
130EXP  -1  4.03742556000000E-0001  9.95112870000000E-0002  4.96746157000000E-0001
130EXP  -1  4.15777384000000E-0001  8.47015970000000E-0002  4.99521019000000E-0001
130EXP  -1  4.27414067000000E-0001  7.03457849999999E-0002  5.02240148000000E-0001
130EXP  -1  4.38661805000000E-0001  5.64317040000000E-0002  5.04906491000000E-0001
130EXP  -1  4.49530311000000E-0001  4.29465589999999E-0002  5.07523130000000E-0001
130EXP  -1  4.60029663000000E-0001  2.98770490000000E-0002  5.10093288000000E-0001
130EXP  -1  4.70170166000000E-0001  1.72094980000000E-0002  5.12620336000000E-0001
130EXP  -1  4.79962221000000E-0001  4.92996099999993E-0003  5.15107818000000E-0001
130EXP  -1  4.83874071000000E-0001  9.99999999995449E-0006  5.16115929000000E-0001
800COL 5003   1 255   0 204    0 128 128 (blue, green & red levels from 0-255)
801LIN  5003 0 1 255 255 255 0 1 770 K FM3M#1 // isotherm  5003
130EXP   0  4.92758141000000E-0001  1.00000000000100E-0005  5.07231859000000E-0001
130EXP  -1  4.92558745000000E-0001  5.07230999999997E-0004  5.06934024000000E-0001
130EXP  -1  4.87537067000000E-0001  1.30621009999999E-0002  4.99400832000000E-0001
130EXP  -1  4.82442397000000E-0001  2.58587779999999E-0002  4.91698825000000E-0001
130EXP  -1  4.77271552000000E-0001  3.89021580000000E-0002  4.83826290000000E-0001
130EXP  -1  4.72021947000000E-0001  5.21974150000000E-0002  4.75780638000000E-0001
130EXP  -1  4.66691581000000E-0001  6.57499330000000E-0002  4.67558486000000E-0001
130EXP  -1  4.61279007000000E-0001  7.95652379999999E-0002  4.59155755000000E-0001
130EXP  -1  4.55783295000000E-0001  9.36489440000000E-0002  4.50567761000000E-0001
130EXP  -1  4.50203995000000E-0001  1.08006697000000E-0001  4.41789308000000E-0001
130EXP  -1  4.44541099000000E-0001  1.22644122000000E-0001  4.32814779000000E-0001
130EXP  -1  4.38794993000000E-0001  1.37566785000000E-0001  4.23638222000000E-0001
130EXP  -1  4.38433114000000E-0001  1.38509047000000E-0001  4.23057839000000E-0001
130EXP  -1  4.38252053000000E-0001  1.38980605000000E-0001  4.22767342000000E-0001
130EXP  -1  4.38161493000000E-0001  1.39216490000000E-0001  4.22622017000000E-0001
130EXP  -1  4.38054999000000E-0001  1.39334877000000E-0001  4.22610124000000E-0001
130EXP  -1  4.37867463000000E-0001  1.39350716000000E-0001  4.22781821000000E-0001
130EXP  -1  4.37492324000000E-0001  1.39382476000000E-0001  4.23125200000000E-0001
130EXP  -1  4.36741783000000E-0001  1.39446329000000E-0001  4.23811888000000E-0001
130EXP  -1  4.35239654000000E-0001  1.39575374000000E-0001  4.25184972000000E-0001
130EXP  -1  4.32231280000000E-0001  1.39838843000000E-0001  4.27929877000000E-0001
130EXP  -1  4.26198606000000E-0001  1.40387540000000E-0001  4.33413854000000E-0001
130EXP  -1  4.14073839000000E-0001  1.41573753000000E-0001  4.44352408000000E-0001
130EXP  -1  3.89619460000000E-0001  1.44313860000000E-0001  4.66066680000000E-0001
130EXP  -1  3.64953513000000E-0001  1.47561729000000E-0001  4.87484758000000E-0001
130EXP  -1  3.64566803000000E-0001  1.47616582000000E-0001  4.87816615000000E-0001
130EXP  -1  3.64470120000000E-0001  1.47630316000000E-0001  4.87899564000000E-0001
130EXP  -1  3.64520169000000E-0001  1.47563676000000E-0001  4.87916155000000E-0001
130EXP  -1  3.64628233000000E-0001  1.47431661000000E-0001  4.87940106000000E-0001
130EXP  -1  3.65168146000000E-0001  1.46772055000000E-0001  4.88059799000000E-0001
130EXP  -1  3.78445150000000E-0001  1.30536705000000E-0001  4.91018145000000E-0001
130EXP  -1  3.91301054000000E-0001  1.14786199000000E-0001  4.93912747000000E-0001
130EXP  -1  4.03742556000000E-0001  9.95112870000000E-0002  4.96746157000000E-0001
130EXP  -1  4.15777384000000E-0001  8.47015970000000E-0002  4.99521019000000E-0001
130EXP  -1  4.27414067000000E-0001  7.03457849999999E-0002  5.02240148000000E-0001
130EXP  -1  4.38661805000000E-0001  5.64317040000000E-0002  5.04906491000000E-0001
130EXP  -1  4.49530311000000E-0001  4.29465589999999E-0002  5.07523130000000E-0001
130EXP  -1  4.60029663000000E-0001  2.98770490000000E-0002  5.10093288000000E-0001
130EXP  -1  4.70170166000000E-0001  1.72094980000000E-0002  5.12620336000000E-0001
130EXP  -1  4.79962221000000E-0001  4.92996099999993E-0003  5.15107818000000E-0001
130EXP  -1  4.83874071000000E-0001  9.99999999995449E-0006  5.16115929000000E-0001
300COL 255   0 198 (blue, green & red levels from 0-255)
800COL 5004   1 255   0 198    0 128 128 (blue, green & red levels from 0-255)
