001FIL @/POTCOMP.FIG
001DAT 12/17/2024
001TIM  0: 0: 0
300COL 255   0   0 (blue, green & red levels from 0-255)
101FNT  20 Arial
400FNT  1 0 0 0   (bold, italic, underline, strikeout [0 = false])
001SYS KCl - NaCl - ZrCl{4}
300COL 255   0   0 (blue, green & red levels from 0-255)
101FNT  14 Arial
400FNT  1 1 0 0   (bold, italic, underline, strikeout [0 = false])
001SY2 Projection (MSTF), 1 atm
100TRN 1
200TRN 1  1
001ACT 
001BCT 
001CCT 
300COL   0   0   0 (blue, green & red levels from 0-255)
101FNT  12 Arial
400FNT  0 0 0 0   (bold, italic, underline, strikeout [0 = false])
010XIN  1.00000000000000E-0001
100XSB 10
100XGP 1
300COL   0   0   0 (blue, green & red levels from 0-255)
210PEN   4   0  4.00000000000000E-0001 (width  mode  style)
100XLG  2.17000000000000E+0002 mm
001XFM #.#####;;0
300COL 192 192 192 (blue, green & red levels from 0-255)
210PEN   4   2  1.00000000000000E-0001 (width  mode  style)
110XGD 0  1.00000000000000E-0001
300COL   0   0   0 (blue, green & red levels from 0-255)
101FNT  12 Arial
400FNT  0 0 0 0   (bold, italic, underline, strikeout [0 = false])
010YIN  1.00000000000000E-0001
100YSB 10
100YGP 1
300COL   0   0   0 (blue, green & red levels from 0-255)
210PEN   4   0  4.00000000000000E-0001 (width  mode  style)
100YLG  1.50000000000000E+0002 mm
001YFM #.#####;;0
300COL 192 192 192 (blue, green & red levels from 0-255)
210PEN   4   2  1.00000000000000E-0001 (width  mode  style)
110YGD 0  1.00000000000000E-0001
010AAB 150 mm
010ABC 150 mm
010ACA 150 mm
040LIM  0.00000000000000E+0000  1.00000000000000E+0000  0.00000000000000E+0000  1.00000000000000E+0000
001CMD NOTOP
001CMD NOBOTTOM
001CMD NOLEFT
001CMD NORIGHT
001CMD NODATE
001CMD NOFILENAME
101LGO 1 Z:\FactHelp\L_Blue.bmp
100TFM 0
100FST 0
200TRP 0 0 (Marks inside = 0 or outisde <> 0;  Reference absolute = 0 or relative to X(i)min <> 0
300COL   0 128   0 (blue, green & red levels from 0-255)
101FNT   7 Arial
400FNT  0 0 0 0   (bold, italic, underline, strikeout [0 = false])
550TFA 1 1 1 2 7  0.00000000000000E+0000  1.00000000000000E+0000  2.50000000000000E-0002  1.00000000000000E-0001  1.00000000000000E-0001
300COL   0 128   0 (blue, green & red levels from 0-255)
101FNT   7 Arial
400FNT  0 0 0 0   (bold, italic, underline, strikeout [0 = false])
550TFB 1 1 1 2 7  0.00000000000000E+0000  1.00000000000000E+0000  2.50000000000000E-0002  1.00000000000000E-0001  1.00000000000000E-0001
300COL   0 128   0 (blue, green & red levels from 0-255)
101FNT   7 Arial
400FNT  0 0 0 0   (bold, italic, underline, strikeout [0 = false])
550TFC 1 1 1 2 7  0.00000000000000E+0000  1.00000000000000E+0000  2.50000000000000E-0002  1.00000000000000E-0001  1.00000000000000E-0001
101FNT 10 Arial
400FNT  0  0  0  0
300COL   0   0   0 (blue, green & red levels from 0-255)
101FNT  10 Arial
400FNT  0 0 0 0   (bold, italic, underline, strikeout [0 = false])
001ALI CENTER
210PEN   4   0  3.00000000000000E-0001 (mode  style width)
300COL 255   0 246 (blue, green & red levels from 0-255)
120EXP  25  9.20000000000000E-0001  3.00000000000000E-0001
300COL 255   0 234 (blue, green & red levels from 0-255)
120EXP  25  9.20000000000000E-0001  3.06000000000000E-0001
300COL 255   0 222 (blue, green & red levels from 0-255)
120EXP  25  9.20000000000000E-0001  3.12000000000000E-0001
300COL 255   0 204 (blue, green & red levels from 0-255)
120EXP  25  9.20000000000000E-0001  3.18000000000000E-0001
300COL 255   0 198 (blue, green & red levels from 0-255)
120EXP  25  9.20000000000000E-0001  3.24000000000000E-0001
300COL 255   0 180 (blue, green & red levels from 0-255)
120EXP  25  9.20000000000000E-0001  3.30000000000000E-0001
300COL 255   0 174 (blue, green & red levels from 0-255)
120EXP  25  9.20000000000000E-0001  3.36000000000000E-0001
300COL 255   0 156 (blue, green & red levels from 0-255)
120EXP  25  9.20000000000000E-0001  3.42000000000000E-0001
300COL 255   0 150 (blue, green & red levels from 0-255)
120EXP  25  9.20000000000000E-0001  3.48000000000000E-0001
300COL 255   0 132 (blue, green & red levels from 0-255)
120EXP  25  9.20000000000000E-0001  3.54000000000000E-0001
300COL 255   0 120 (blue, green & red levels from 0-255)
120EXP  25  9.20000000000000E-0001  3.60000000000000E-0001
300COL 255   0 108 (blue, green & red levels from 0-255)
120EXP  25  9.20000000000000E-0001  3.66000000000000E-0001
300COL 255   0  96 (blue, green & red levels from 0-255)
120EXP  25  9.20000000000000E-0001  3.72000000000000E-0001
300COL 255   0  84 (blue, green & red levels from 0-255)
120EXP  25  9.20000000000000E-0001  3.78000000000000E-0001
300COL 255   0  66 (blue, green & red levels from 0-255)
120EXP  25  9.20000000000000E-0001  3.84000000000000E-0001
300COL 255   0  60 (blue, green & red levels from 0-255)
120EXP  25  9.20000000000000E-0001  3.90000000000000E-0001
300COL 255   0  42 (blue, green & red levels from 0-255)
120EXP  25  9.20000000000000E-0001  3.96000000000000E-0001
300COL 255   0  36 (blue, green & red levels from 0-255)
120EXP  25  9.20000000000000E-0001  4.02000000000000E-0001
300COL 255   0  18 (blue, green & red levels from 0-255)
120EXP  25  9.20000000000000E-0001  4.08000000000000E-0001
300COL 255   0  12 (blue, green & red levels from 0-255)
120EXP  25  9.20000000000000E-0001  4.14000000000000E-0001
300COL 255   9   0 (blue, green & red levels from 0-255)
120EXP  25  9.20000000000000E-0001  4.20000000000000E-0001
300COL 255  21   0 (blue, green & red levels from 0-255)
120EXP  25  9.20000000000000E-0001  4.26000000000000E-0001
300COL 255  33   0 (blue, green & red levels from 0-255)
120EXP  25  9.20000000000000E-0001  4.32000000000000E-0001
300COL 255  45   0 (blue, green & red levels from 0-255)
120EXP  25  9.20000000000000E-0001  4.38000000000000E-0001
300COL 255  57   0 (blue, green & red levels from 0-255)
120EXP  25  9.20000000000000E-0001  4.44000000000000E-0001
300COL 255  69   0 (blue, green & red levels from 0-255)
120EXP  25  9.20000000000000E-0001  4.50000000000000E-0001
300COL 255  81   0 (blue, green & red levels from 0-255)
120EXP  25  9.20000000000000E-0001  4.56000000000000E-0001
300COL 255  99   0 (blue, green & red levels from 0-255)
120EXP  25  9.20000000000000E-0001  4.62000000000000E-0001
300COL 255 105   0 (blue, green & red levels from 0-255)
120EXP  25  9.20000000000000E-0001  4.68000000000000E-0001
300COL 255 123   0 (blue, green & red levels from 0-255)
120EXP  25  9.20000000000000E-0001  4.74000000000000E-0001
300COL 255 129   0 (blue, green & red levels from 0-255)
120EXP  25  9.20000000000000E-0001  4.80000000000000E-0001
300COL 255 147   0 (blue, green & red levels from 0-255)
120EXP  25  9.20000000000000E-0001  4.86000000000000E-0001
300COL 255 159   0 (blue, green & red levels from 0-255)
120EXP  25  9.20000000000000E-0001  4.92000000000000E-0001
300COL 255 171   0 (blue, green & red levels from 0-255)
120EXP  25  9.20000000000000E-0001  4.98000000000000E-0001
300COL 255 183   0 (blue, green & red levels from 0-255)
120EXP  25  9.20000000000000E-0001  5.04000000000000E-0001
300COL 255 195   0 (blue, green & red levels from 0-255)
120EXP  25  9.20000000000000E-0001  5.10000000000000E-0001
300COL 255 207   0 (blue, green & red levels from 0-255)
120EXP  25  9.20000000000000E-0001  5.16000000000000E-0001
300COL 255 219   0 (blue, green & red levels from 0-255)
120EXP  25  9.20000000000000E-0001  5.22000000000000E-0001
300COL 255 237   0 (blue, green & red levels from 0-255)
120EXP  25  9.20000000000000E-0001  5.28000000000000E-0001
300COL 255 243   0 (blue, green & red levels from 0-255)
120EXP  25  9.20000000000000E-0001  5.34000000000000E-0001
300COL 246 255   0 (blue, green & red levels from 0-255)
120EXP  25  9.20000000000000E-0001  5.40000000000000E-0001
300COL 234 255   0 (blue, green & red levels from 0-255)
120EXP  25  9.20000000000000E-0001  5.46000000000000E-0001
300COL 222 255   0 (blue, green & red levels from 0-255)
120EXP  25  9.20000000000000E-0001  5.52000000000000E-0001
300COL 210 255   0 (blue, green & red levels from 0-255)
120EXP  25  9.20000000000000E-0001  5.58000000000000E-0001
300COL 198 255   0 (blue, green & red levels from 0-255)
120EXP  25  9.20000000000000E-0001  5.64000000000000E-0001
300COL 186 255   0 (blue, green & red levels from 0-255)
120EXP  25  9.20000000000000E-0001  5.70000000000000E-0001
300COL 174 255   0 (blue, green & red levels from 0-255)
120EXP  25  9.20000000000000E-0001  5.76000000000000E-0001
300COL 162 255   0 (blue, green & red levels from 0-255)
120EXP  25  9.20000000000000E-0001  5.82000000000000E-0001
300COL 150 255   0 (blue, green & red levels from 0-255)
120EXP  25  9.20000000000000E-0001  5.88000000000000E-0001
300COL 138 255   0 (blue, green & red levels from 0-255)
120EXP  25  9.20000000000000E-0001  5.94000000000000E-0001
300COL 126 255   0 (blue, green & red levels from 0-255)
120EXP  25  9.20000000000000E-0001  6.00000000000000E-0001
300COL 108 255   0 (blue, green & red levels from 0-255)
120EXP  25  9.20000000000000E-0001  6.06000000000000E-0001
300COL  96 255   0 (blue, green & red levels from 0-255)
120EXP  25  9.20000000000000E-0001  6.12000000000000E-0001
300COL  84 255   0 (blue, green & red levels from 0-255)
120EXP  25  9.20000000000000E-0001  6.18000000000000E-0001
300COL  72 255   0 (blue, green & red levels from 0-255)
120EXP  25  9.20000000000000E-0001  6.24000000000000E-0001
300COL  60 255   0 (blue, green & red levels from 0-255)
120EXP  25  9.20000000000000E-0001  6.30000000000000E-0001
300COL  48 255   0 (blue, green & red levels from 0-255)
120EXP  25  9.20000000000000E-0001  6.36000000000000E-0001
300COL  36 255   0 (blue, green & red levels from 0-255)
120EXP  25  9.20000000000000E-0001  6.42000000000000E-0001
300COL  24 255   0 (blue, green & red levels from 0-255)
120EXP  25  9.20000000000000E-0001  6.48000000000000E-0001
300COL  12 255   0 (blue, green & red levels from 0-255)
120EXP  25  9.20000000000000E-0001  6.54000000000000E-0001
300COL   0 255   0 (blue, green & red levels from 0-255)
120EXP  25  9.20000000000000E-0001  6.60000000000000E-0001
300COL   0 255  21 (blue, green & red levels from 0-255)
120EXP  25  9.20000000000000E-0001  6.66000000000000E-0001
300COL   0 255  27 (blue, green & red levels from 0-255)
120EXP  25  9.20000000000000E-0001  6.72000000000000E-0001
300COL   0 255  45 (blue, green & red levels from 0-255)
120EXP  25  9.20000000000000E-0001  6.78000000000000E-0001
300COL   0 255  57 (blue, green & red levels from 0-255)
120EXP  25  9.20000000000000E-0001  6.84000000000000E-0001
300COL   0 255  69 (blue, green & red levels from 0-255)
120EXP  25  9.20000000000000E-0001  6.90000000000000E-0001
300COL   0 255  81 (blue, green & red levels from 0-255)
120EXP  25  9.20000000000000E-0001  6.96000000000000E-0001
300COL   0 255  93 (blue, green & red levels from 0-255)
120EXP  25  9.20000000000000E-0001  7.02000000000000E-0001
300COL   0 255 105 (blue, green & red levels from 0-255)
120EXP  25  9.20000000000000E-0001  7.08000000000000E-0001
300COL   0 255 117 (blue, green & red levels from 0-255)
120EXP  25  9.20000000000000E-0001  7.14000000000000E-0001
300COL   0 255 129 (blue, green & red levels from 0-255)
120EXP  25  9.20000000000000E-0001  7.20000000000000E-0001
300COL   0 255 141 (blue, green & red levels from 0-255)
120EXP  25  9.20000000000000E-0001  7.26000000000000E-0001
300COL   0 255 159 (blue, green & red levels from 0-255)
120EXP  25  9.20000000000000E-0001  7.32000000000000E-0001
300COL   0 255 165 (blue, green & red levels from 0-255)
120EXP  25  9.20000000000000E-0001  7.38000000000000E-0001
300COL   0 255 183 (blue, green & red levels from 0-255)
120EXP  25  9.20000000000000E-0001  7.44000000000000E-0001
300COL   0 255 195 (blue, green & red levels from 0-255)
120EXP  25  9.20000000000000E-0001  7.50000000000000E-0001
300COL   0 255 207 (blue, green & red levels from 0-255)
120EXP  25  9.20000000000000E-0001  7.56000000000000E-0001
300COL   0 255 219 (blue, green & red levels from 0-255)
120EXP  25  9.20000000000000E-0001  7.62000000000000E-0001
300COL   0 255 231 (blue, green & red levels from 0-255)
120EXP  25  9.20000000000000E-0001  7.68000000000000E-0001
300COL   0 255 243 (blue, green & red levels from 0-255)
120EXP  25  9.20000000000000E-0001  7.74000000000000E-0001
300COL   0 255 255 (blue, green & red levels from 0-255)
120EXP  25  9.20000000000000E-0001  7.80000000000000E-0001
300COL   0 234 255 (blue, green & red levels from 0-255)
120EXP  25  9.20000000000000E-0001  7.86000000000000E-0001
300COL   0 228 255 (blue, green & red levels from 0-255)
120EXP  25  9.20000000000000E-0001  7.92000000000000E-0001
300COL   0 210 255 (blue, green & red levels from 0-255)
120EXP  25  9.20000000000000E-0001  7.98000000000000E-0001
300COL   0 204 255 (blue, green & red levels from 0-255)
120EXP  25  9.20000000000000E-0001  8.04000000000000E-0001
300COL   0 186 255 (blue, green & red levels from 0-255)
120EXP  25  9.20000000000000E-0001  8.10000000000000E-0001
300COL   0 180 255 (blue, green & red levels from 0-255)
120EXP  25  9.20000000000000E-0001  8.16000000000000E-0001
300COL   0 162 255 (blue, green & red levels from 0-255)
120EXP  25  9.20000000000000E-0001  8.22000000000000E-0001
300COL   0 150 255 (blue, green & red levels from 0-255)
120EXP  25  9.20000000000000E-0001  8.28000000000000E-0001
300COL   0 138 255 (blue, green & red levels from 0-255)
120EXP  25  9.20000000000000E-0001  8.34000000000000E-0001
300COL   0 120 255 (blue, green & red levels from 0-255)
120EXP  25  9.20000000000000E-0001  8.40000000000000E-0001
300COL   0 114 255 (blue, green & red levels from 0-255)
120EXP  25  9.20000000000000E-0001  8.46000000000000E-0001
300COL   0  96 255 (blue, green & red levels from 0-255)
120EXP  25  9.20000000000000E-0001  8.52000000000000E-0001
300COL   0  90 255 (blue, green & red levels from 0-255)
120EXP  25  9.20000000000000E-0001  8.58000000000000E-0001
300COL   0  72 255 (blue, green & red levels from 0-255)
120EXP  25  9.20000000000000E-0001  8.64000000000000E-0001
300COL   0  66 255 (blue, green & red levels from 0-255)
120EXP  25  9.20000000000000E-0001  8.70000000000000E-0001
300COL   0  48 255 (blue, green & red levels from 0-255)
120EXP  25  9.20000000000000E-0001  8.76000000000000E-0001
300COL   0  42 255 (blue, green & red levels from 0-255)
120EXP  25  9.20000000000000E-0001  8.82000000000000E-0001
300COL   0  24 255 (blue, green & red levels from 0-255)
120EXP  25  9.20000000000000E-0001  8.88000000000000E-0001
300COL   0  12 255 (blue, green & red levels from 0-255)
120EXP  25  9.20000000000000E-0001  8.94000000000000E-0001
300COL   0   0 255 (blue, green & red levels from 0-255)
120EXP  25  9.20000000000000E-0001  9.00000000000000E-0001
300COL   0   0   0 (blue, green & red levels from 0-255)
120EXP  25  9.20000000000000E-0001 -6.92307692307693E-0002
120EXP  25  9.20000000000000E-0001 -6.92307692307693E-0002
300COL 255   0 216 (blue, green & red levels from 0-255)
800COL 5001   1 255   0 216    0 128 128 (blue, green & red levels from 0-255)
210PEN   4   0  3.00000011920929E-0001 (mode  style width)
801LIN  5001 0 1 255 255 255 0 1 470 K Zr2Cl9Na_S1(s) // isotherm  5001
130EXP   0  2.32899799000000E-0001  6.17811881000000E-0001  1.49288320000000E-0001
130EXP  -1  2.28465049000000E-0001  6.10023885000000E-0001  1.61511066000000E-0001
800COL 5002   1 255   0 216    0   0 255 (blue, green & red levels from 0-255)
801LIN  5002 0 1 255 255 255 0 1 470 K ZrK2Cl6_S1(s) // isotherm  5002
130EXP   0  2.51675060000000E-0001  6.20748915000000E-0001  1.27576025000000E-0001
130EXP  -1  2.38945961000000E-0001  6.14933244000000E-0001  1.46120795000000E-0001
130EXP  -1  2.28465049000000E-0001  6.10023885000000E-0001  1.61511066000000E-0001
800COL 5003   1 255   0 216    0 255   0 (blue, green & red levels from 0-255)
801LIN  5003 0 1 255 255 255 0 1 470 K ZrCl4_S1(s) // isotherm  5003
130EXP   0  2.51565169000000E-0001  6.20895337000000E-0001  1.27539494000000E-0001
130EXP  -1  2.36063777000000E-0001  6.18772170000000E-0001  1.45164053000000E-0001
130EXP  -1  2.33148420000000E-0001  6.18354403000000E-0001  1.48497177000000E-0001
800COL 5003   1 255   0 216    0 255   0 (blue, green & red levels from 0-255)
801LIN  5003 0 1 255 255 255 0 1 470 K ZrCl4_S1(s) // isotherm  5003
130EXP   0  2.51565169000000E-0001  6.20895337000000E-0001  1.27539494000000E-0001
130EXP  -1  2.36063777000000E-0001  6.18772170000000E-0001  1.45164053000000E-0001
130EXP  -1  2.33148420000000E-0001  6.18354403000000E-0001  1.48497177000000E-0001
800COL 5003   1 255   0 216    0 255   0 (blue, green & red levels from 0-255)
801LIN  5003 0 1 255 255 255 0 1 470 K ZrCl4_S1(s) // isotherm  5003
130EXP   0  2.51565169000000E-0001  6.20895337000000E-0001  1.27539494000000E-0001
130EXP  -1  2.36063777000000E-0001  6.18772170000000E-0001  1.45164053000000E-0001
130EXP  -1  2.33148420000000E-0001  6.18354403000000E-0001  1.48497177000000E-0001
800COL 5003   1 255   0 216    0 255   0 (blue, green & red levels from 0-255)
801LIN  5003 0 1 255 255 255 0 1 470 K ZrCl4_S1(s) // isotherm  5003
130EXP   0  2.51565169000000E-0001  6.20895337000000E-0001  1.27539494000000E-0001
130EXP  -1  2.36063777000000E-0001  6.18772170000000E-0001  1.45164053000000E-0001
130EXP  -1  2.33148420000000E-0001  6.18354403000000E-0001  1.48497177000000E-0001
800COL 5003   1 255   0 216    0 255   0 (blue, green & red levels from 0-255)
801LIN  5003 0 1 255 255 255 0 1 470 K ZrCl4_S1(s) // isotherm  5003
130EXP   0  2.51565169000000E-0001  6.20895337000000E-0001  1.27539494000000E-0001
130EXP  -1  2.36063777000000E-0001  6.18772170000000E-0001  1.45164053000000E-0001
130EXP  -1  2.33148420000000E-0001  6.18354403000000E-0001  1.48497177000000E-0001
800COL 5003   1 255   0 216    0 255   0 (blue, green & red levels from 0-255)
801LIN  5003 0 1 255 255 255 0 1 470 K ZrCl4_S1(s) // isotherm  5003
130EXP   0  2.51565169000000E-0001  6.20895337000000E-0001  1.27539494000000E-0001
130EXP  -1  2.36063777000000E-0001  6.18772170000000E-0001  1.45164053000000E-0001
130EXP  -1  2.33148420000000E-0001  6.18354403000000E-0001  1.48497177000000E-0001
300COL 255   0 204 (blue, green & red levels from 0-255)
800COL 5004   1 255   0 204    0 128 128 (blue, green & red levels from 0-255)
801LIN  5004 0 1 255 255 255 0 1 475 K Zr2Cl9Na_S1(s) // isotherm  5004
130EXP   0  2.25618495000000E-0001  6.20107469000000E-0001  1.54274036000000E-0001
130EXP  -1  2.17858906000000E-0001  6.07733964000000E-0001  1.74407130000000E-0001
130EXP  -1  2.10804641000000E-0001  6.00139339000000E-0001  1.89056020000000E-0001
800COL 5005   1 255   0 204    0   0 255 (blue, green & red levels from 0-255)
801LIN  5005 0 1 255 255 255 0 1 475 K ZrK2Cl6_S1(s) // isotherm  5005
130EXP   0  2.67693108000000E-0001  6.26388171000000E-0001  1.05918721000000E-0001
130EXP  -1  2.55228427000000E-0001  6.20910776000000E-0001  1.23860797000000E-0001
130EXP  -1  2.42530760000000E-0001  6.15185116000000E-0001  1.42284124000000E-0001
130EXP  -1  2.29608806000000E-0001  6.09192999000000E-0001  1.61198195000000E-0001
130EXP  -1  2.16473817000000E-0001  6.02913620000000E-0001  1.80612563000000E-0001
130EXP  -1  2.10804641000000E-0001  6.00139339000000E-0001  1.89056020000000E-0001
800COL 5006   1 255   0 204    0 255   0 (blue, green & red levels from 0-255)
801LIN  5006 0 1 255 255 255 0 1 475 K ZrCl4_S1(s) // isotherm  5006
130EXP   0  2.67597380000000E-0001  6.26529138000000E-0001  1.05873482000000E-0001
130EXP  -1  2.52513389000000E-0001  6.24531004000000E-0001  1.22955607000000E-0001
130EXP  -1  2.37128633000000E-0001  6.22353085000000E-0001  1.40518282000000E-0001
130EXP  -1  2.25868868000000E-0001  6.20657115000000E-0001  1.53474017000000E-0001
800COL 5006   1 255   0 204    0 255   0 (blue, green & red levels from 0-255)
801LIN  5006 0 1 255 255 255 0 1 475 K ZrCl4_S1(s) // isotherm  5006
130EXP   0  2.67597380000000E-0001  6.26529138000000E-0001  1.05873482000000E-0001
130EXP  -1  2.52513389000000E-0001  6.24531004000000E-0001  1.22955607000000E-0001
130EXP  -1  2.37128633000000E-0001  6.22353085000000E-0001  1.40518282000000E-0001
130EXP  -1  2.25868868000000E-0001  6.20657115000000E-0001  1.53474017000000E-0001
800COL 5006   1 255   0 204    0 255   0 (blue, green & red levels from 0-255)
801LIN  5006 0 1 255 255 255 0 1 475 K ZrCl4_S1(s) // isotherm  5006
130EXP   0  2.67597380000000E-0001  6.26529138000000E-0001  1.05873482000000E-0001
130EXP  -1  2.52513389000000E-0001  6.24531004000000E-0001  1.22955607000000E-0001
130EXP  -1  2.37128633000000E-0001  6.22353085000000E-0001  1.40518282000000E-0001
130EXP  -1  2.25868868000000E-0001  6.20657115000000E-0001  1.53474017000000E-0001
800COL 5006   1 255   0 204    0 255   0 (blue, green & red levels from 0-255)
801LIN  5006 0 1 255 255 255 0 1 475 K ZrCl4_S1(s) // isotherm  5006
130EXP   0  2.67597380000000E-0001  6.26529138000000E-0001  1.05873482000000E-0001
130EXP  -1  2.52513389000000E-0001  6.24531004000000E-0001  1.22955607000000E-0001
130EXP  -1  2.37128633000000E-0001  6.22353085000000E-0001  1.40518282000000E-0001
130EXP  -1  2.25868868000000E-0001  6.20657115000000E-0001  1.53474017000000E-0001
800COL 5006   1 255   0 204    0 255   0 (blue, green & red levels from 0-255)
801LIN  5006 0 1 255 255 255 0 1 475 K ZrCl4_S1(s) // isotherm  5006
130EXP   0  2.67597380000000E-0001  6.26529138000000E-0001  1.05873482000000E-0001
130EXP  -1  2.52513389000000E-0001  6.24531004000000E-0001  1.22955607000000E-0001
130EXP  -1  2.37128633000000E-0001  6.22353085000000E-0001  1.40518282000000E-0001
130EXP  -1  2.25868868000000E-0001  6.20657115000000E-0001  1.53474017000000E-0001
800COL 5006   1 255   0 204    0 255   0 (blue, green & red levels from 0-255)
801LIN  5006 0 1 255 255 255 0 1 475 K ZrCl4_S1(s) // isotherm  5006
130EXP   0  2.67597380000000E-0001  6.26529138000000E-0001  1.05873482000000E-0001
130EXP  -1  2.52513389000000E-0001  6.24531004000000E-0001  1.22955607000000E-0001
130EXP  -1  2.37128633000000E-0001  6.22353085000000E-0001  1.40518282000000E-0001
130EXP  -1  2.25868868000000E-0001  6.20657115000000E-0001  1.53474017000000E-0001
300COL 255   0 198 (blue, green & red levels from 0-255)
800COL 5007   1 255   0 198    0 128 128 (blue, green & red levels from 0-255)
801LIN  5007 0 1 255 255 255 0 1 480 K Zr2Cl9Na_S1(s) // isotherm  5007
130EXP   0  2.18277355000000E-0001  6.22361460000000E-0001  1.59361185000000E-0001
130EXP  -1  2.10498510000000E-0001  6.09797354000000E-0001  1.79704136000000E-0001
130EXP  -1  2.00429884000000E-0001  5.99278414000000E-0001  2.00291702000000E-0001
130EXP  -1  1.92439128000000E-0001  5.92838004000000E-0001  2.14722868000000E-0001
800COL 5008   1 255   0 198    0   0 255 (blue, green & red levels from 0-255)
801LIN  5008 0 1 255 255 255 0 1 480 K ZrK2Cl6_S1(s) // isotherm  5008
130EXP   0  2.85369530000000E-0001  6.32402655000000E-0001  8.22278150000000E-0002
130EXP  -1  2.73217860000000E-0001  6.27278061200000E-0001  9.95040788000000E-0002
130EXP  -1  2.60824553000000E-0001  6.21926418000000E-0001  1.17249029000000E-0001
130EXP  -1  2.48196244000000E-0001  6.16331369000000E-0001  1.35472387000000E-0001
130EXP  -1  2.35341312000000E-0001  6.10474945000000E-0001  1.54183743000000E-0001
130EXP  -1  2.22270548000000E-0001  6.04336743000000E-0001  1.73392709000000E-0001
130EXP  -1  2.08998098000000E-0001  5.97892769000000E-0001  1.93109133000000E-0001
130EXP  -1  1.95542816000000E-0001  5.91113785000000E-0001  2.13343399000000E-0001
130EXP  -1  1.95406337000000E-0001  5.91043630000000E-0001  2.13550033000000E-0001
800COL 5009   1 255   0 198    0 255   0 (blue, green & red levels from 0-255)
801LIN  5009 0 1 255 255 255 0 1 480 K ZrCl4_S1(s) // isotherm  5009
130EXP   0  2.85272538000000E-0001  6.32529232600000E-0001  8.21982294000000E-0002
130EXP  -1  2.70688502000000E-0001  6.30627902400000E-0001  9.86835956000000E-0002
130EXP  -1  2.55776395000000E-0001  6.28589734000000E-0001  1.15633871000000E-0001
130EXP  -1  2.40556323000000E-0001  6.26383713000000E-0001  1.33059964000000E-0001
130EXP  -1  2.25047196000000E-0001  6.23981197000000E-0001  1.50971607000000E-0001
130EXP  -1  2.18529365000000E-0001  6.22919809000000E-0001  1.58550826000000E-0001
800COL 5010   1 255   0 198    0 155 255 (blue, green & red levels from 0-255)
801LIN  5010 0 1 255 255 255 0 1 480 K ZrCl5Na_S1(s) // isotherm  5010
130EXP   0  6.66644599000000E-0001  3.33345401000000E-0001  1.00000000000000E-0005
800COL 5011   1 255   0 198    0 155 255 (blue, green & red levels from 0-255)
801LIN  5011 0 1 255 255 255 0 1 480 K ZrCl5Na_S1(s) // isotherm  5011
130EXP   0  1.94418911000000E-0001  5.91641790000000E-0001  2.13939299000000E-0001
130EXP  -1  1.92439128000000E-0001  5.92838004000000E-0001  2.14722868000000E-0001
800COL 5011   1 255   0 198    0 155 255 (blue, green & red levels from 0-255)
801LIN  5011 0 1 255 255 255 0 1 480 K ZrCl5Na_S1(s) // isotherm  5011
130EXP   0  1.94418911000000E-0001  5.91641790000000E-0001  2.13939299000000E-0001
130EXP  -1  1.92439128000000E-0001  5.92838004000000E-0001  2.14722868000000E-0001
800COL 5011   1 255   0 198    0 155 255 (blue, green & red levels from 0-255)
801LIN  5011 0 1 255 255 255 0 1 480 K ZrCl5Na_S1(s) // isotherm  5011
130EXP   0  1.94418911000000E-0001  5.91641790000000E-0001  2.13939299000000E-0001
130EXP  -1  1.92439128000000E-0001  5.92838004000000E-0001  2.14722868000000E-0001
800COL 5011   1 255   0 198    0 155 255 (blue, green & red levels from 0-255)
801LIN  5011 0 1 255 255 255 0 1 480 K ZrCl5Na_S1(s) // isotherm  5011
130EXP   0  1.94418911000000E-0001  5.91641790000000E-0001  2.13939299000000E-0001
130EXP  -1  1.92439128000000E-0001  5.92838004000000E-0001  2.14722868000000E-0001
800COL 5011   1 255   0 198    0 155 255 (blue, green & red levels from 0-255)
801LIN  5011 0 1 255 255 255 0 1 480 K ZrCl5Na_S1(s) // isotherm  5011
130EXP   0  1.94418911000000E-0001  5.91641790000000E-0001  2.13939299000000E-0001
130EXP  -1  1.92439128000000E-0001  5.92838004000000E-0001  2.14722868000000E-0001
800COL 5011   1 255   0 198    0 155 255 (blue, green & red levels from 0-255)
801LIN  5011 0 1 255 255 255 0 1 480 K ZrCl5Na_S1(s) // isotherm  5011
130EXP   0  1.94418911000000E-0001  5.91641790000000E-0001  2.13939299000000E-0001
130EXP  -1  1.92439128000000E-0001  5.92838004000000E-0001  2.14722868000000E-0001
300COL 255   0 186 (blue, green & red levels from 0-255)
800COL 5012   1 255   0 186    0 128 128 (blue, green & red levels from 0-255)
801LIN  5012 0 1 255 255 255 0 1 485 K Zr2Cl9Na_S1(s) // isotherm  5012
130EXP   0  2.10879293000000E-0001  6.24577377000000E-0001  1.64543330000000E-0001
130EXP  -1  2.03093506000000E-0001  6.11808425000000E-0001  1.85098069000000E-0001
130EXP  -1  1.93025010000000E-0001  6.01073039000000E-0001  2.05901951000000E-0001
130EXP  -1  1.84665454000000E-0001  5.94193318000000E-0001  2.21141228000000E-0001
800COL 5013   1 255   0 186    0   0 255 (blue, green & red levels from 0-255)
801LIN  5013 0 1 255 255 255 0 1 485 K ZrK2Cl6_S1(s) // isotherm  5013
130EXP   0  3.05361368000000E-0001  6.38991906900000E-0001  5.56467251000000E-0002
130EXP  -1  2.93591095000000E-0001  6.34239541600000E-0001  7.21693634000000E-0002
130EXP  -1  2.81571072000000E-0001  6.29283773000000E-0001  8.91451550000000E-0002
130EXP  -1  2.69306334000000E-0001  6.24109382000000E-0001  1.06584284000000E-0001
130EXP  -1  2.56802988000000E-0001  6.18700363000000E-0001  1.24496649000000E-0001
130EXP  -1  2.44068666000000E-0001  6.13039369000000E-0001  1.42891965000000E-0001
130EXP  -1  2.31113116000000E-0001  6.07106988000000E-0001  1.61779896000000E-0001
130EXP  -1  2.17949018000000E-0001  6.00880738000000E-0001  1.81170244000000E-0001
130EXP  -1  2.04593146000000E-0001  5.94333646000000E-0001  2.01073208000000E-0001
130EXP  -1  1.93611007000000E-0001  5.88752680000000E-0001  2.17636313000000E-0001
800COL 5014   1 255   0 186    0 255   0 (blue, green & red levels from 0-255)
801LIN  5014 0 1 255 255 255 0 1 485 K ZrCl4_S1(s) // isotherm  5014
130EXP   0  3.05278288000000E-0001  6.39104984000000E-0001  5.56167280000000E-0002
130EXP  -1  2.91325358000000E-0001  6.37240895200000E-0001  7.14337468000000E-0002
130EXP  -1  2.77006256000000E-0001  6.35301117700000E-0001  8.76926263000000E-0002
130EXP  -1  2.62345222000000E-0001  6.33247338000000E-0001  1.04407440000000E-0001
130EXP  -1  2.47363834000000E-0001  6.31045844000000E-0001  1.21590322000000E-0001
130EXP  -1  2.32081952000000E-0001  6.28666099000000E-0001  1.39251949000000E-0001
130EXP  -1  2.16518468000000E-0001  6.26079568000000E-0001  1.57401964000000E-0001
130EXP  -1  2.11130967000000E-0001  6.25141965000000E-0001  1.63727068000000E-0001
800COL 5015   1 255   0 186    0 155 255 (blue, green & red levels from 0-255)
801LIN  5015 0 1 255 255 255 0 1 485 K ZrCl5Na_S1(s) // isotherm  5015
130EXP   0  6.66644931000000E-0001  3.33345069000000E-0001  1.00000000000000E-0005
800COL 5016   1 255   0 186    0 155 255 (blue, green & red levels from 0-255)
801LIN  5016 0 1 255 255 255 0 1 485 K ZrCl5Na_S1(s) // isotherm  5016
130EXP   0  1.92621420000000E-0001  5.89359147000000E-0001  2.18019433000000E-0001
130EXP  -1  1.84665454000000E-0001  5.94193318000000E-0001  2.21141228000000E-0001
800COL 5016   1 255   0 186    0 155 255 (blue, green & red levels from 0-255)
801LIN  5016 0 1 255 255 255 0 1 485 K ZrCl5Na_S1(s) // isotherm  5016
130EXP   0  1.92621420000000E-0001  5.89359147000000E-0001  2.18019433000000E-0001
130EXP  -1  1.84665454000000E-0001  5.94193318000000E-0001  2.21141228000000E-0001
800COL 5016   1 255   0 186    0 155 255 (blue, green & red levels from 0-255)
801LIN  5016 0 1 255 255 255 0 1 485 K ZrCl5Na_S1(s) // isotherm  5016
130EXP   0  1.92621420000000E-0001  5.89359147000000E-0001  2.18019433000000E-0001
130EXP  -1  1.84665454000000E-0001  5.94193318000000E-0001  2.21141228000000E-0001
800COL 5016   1 255   0 186    0 155 255 (blue, green & red levels from 0-255)
801LIN  5016 0 1 255 255 255 0 1 485 K ZrCl5Na_S1(s) // isotherm  5016
130EXP   0  1.92621420000000E-0001  5.89359147000000E-0001  2.18019433000000E-0001
130EXP  -1  1.84665454000000E-0001  5.94193318000000E-0001  2.21141228000000E-0001
800COL 5016   1 255   0 186    0 155 255 (blue, green & red levels from 0-255)
801LIN  5016 0 1 255 255 255 0 1 485 K ZrCl5Na_S1(s) // isotherm  5016
130EXP   0  1.92621420000000E-0001  5.89359147000000E-0001  2.18019433000000E-0001
130EXP  -1  1.84665454000000E-0001  5.94193318000000E-0001  2.21141228000000E-0001
800COL 5016   1 255   0 186    0 155 255 (blue, green & red levels from 0-255)
801LIN  5016 0 1 255 255 255 0 1 485 K ZrCl5Na_S1(s) // isotherm  5016
130EXP   0  1.92621420000000E-0001  5.89359147000000E-0001  2.18019433000000E-0001
130EXP  -1  1.84665454000000E-0001  5.94193318000000E-0001  2.21141228000000E-0001
300COL 255   0 174 (blue, green & red levels from 0-255)
800COL 5017   1 255   0 174    0 128 128 (blue, green & red levels from 0-255)
801LIN  5017 0 1 255 255 255 0 1 490 K Zr2Cl9Na_S1(s) // isotherm  5017
130EXP   0  2.03423132000000E-0001  6.26750297000000E-0001  1.69826571000000E-0001
130EXP  -1  1.95642255000000E-0001  6.13762727000000E-0001  1.90595018000000E-0001
130EXP  -1  1.85582718000000E-0001  6.02799850000000E-0001  2.11617432000000E-0001
130EXP  -1  1.76879236000000E-0001  5.95475502000000E-0001  2.27645262000000E-0001
800COL 5018   1 255   0 174    0   0 255 (blue, green & red levels from 0-255)
801LIN  5018 0 1 255 255 255 0 1 490 K ZrK2Cl6_S1(s) // isotherm  5018
130EXP   0  3.29442693000000E-0001  6.46753939400000E-0001  2.38033676000000E-0002
130EXP  -1  3.18173588000000E-0001  6.42408043500000E-0001  3.94183685000000E-0002
130EXP  -1  3.06646312000000E-0001  6.37888377800000E-0001  5.54653102000000E-0002
130EXP  -1  2.94864871000000E-0001  6.33179919200000E-0001  7.19552098000000E-0002
130EXP  -1  2.82833721000000E-0001  6.28267631400000E-0001  8.88986476000000E-0002
130EXP  -1  2.70558084000000E-0001  6.23136072000000E-0001  1.06305844000000E-0001
130EXP  -1  2.58044323000000E-0001  6.17768933000000E-0001  1.24186744000000E-0001
130EXP  -1  2.45300415000000E-0001  6.12148455000000E-0001  1.42551130000000E-0001
130EXP  -1  2.32336581000000E-0001  6.06254661000000E-0001  1.61408758000000E-0001
130EXP  -1  2.19166149000000E-0001  6.00064296000000E-0001  1.80769555000000E-0001
130EXP  -1  2.05806781000000E-0001  5.93549325000000E-0001  2.00643894000000E-0001
130EXP  -1  1.92282220000000E-0001  5.86674824000000E-0001  2.21042956000000E-0001
130EXP  -1  1.91721694000000E-0001  5.86383165000000E-0001  2.21895141000000E-0001
800COL 5019   1 255   0 174    0 255   0 (blue, green & red levels from 0-255)
801LIN  5019 0 1 255 255 255 0 1 490 K ZrCl4_S1(s) // isotherm  5019
130EXP   0  3.29374980000000E-0001  6.46843901900000E-0001  2.37811181000000E-0002
130EXP  -1  3.16313502000000E-0001  6.44869099300000E-0001  3.88173987000000E-0002
130EXP  -1  3.02821508000000E-0001  6.42922492100000E-0001  5.42559999000000E-0002
130EXP  -1  2.88933018000000E-0001  6.40949802100000E-0001  7.01171799000000E-0002
130EXP  -1  2.74676638000000E-0001  6.38905429300000E-0001  8.64179327000000E-0002
130EXP  -1  2.60077062000000E-0001  6.36750241000000E-0001  1.03172697000000E-0001
130EXP  -1  2.45156261000000E-0001  6.34449800000000E-0001  1.20393939000000E-0001
130EXP  -1  2.29934427000000E-0001  6.31972930000000E-0001  1.38092643000000E-0001
130EXP  -1  2.14430726000000E-0001  6.29290548000000E-0001  1.56278726000000E-0001
130EXP  -1  2.03674548000000E-0001  6.27323205000000E-0001  1.69002247000000E-0001
800COL 5020   1 255   0 174    0 155 255 (blue, green & red levels from 0-255)
801LIN  5020 0 1 255 255 255 0 1 490 K ZrCl5Na_S1(s) // isotherm  5020
130EXP   0  6.66645263000000E-0001  3.33344737000000E-0001  1.00000000000000E-0005
800COL 5021   1 255   0 174    0 155 255 (blue, green & red levels from 0-255)
801LIN  5021 0 1 255 255 255 0 1 490 K ZrCl5Na_S1(s) // isotherm  5021
130EXP   0  1.90729854000000E-0001  5.86999970000000E-0001  2.22270176000000E-0001
130EXP  -1  1.76879236000000E-0001  5.95475502000000E-0001  2.27645262000000E-0001
800COL 5021   1 255   0 174    0 155 255 (blue, green & red levels from 0-255)
801LIN  5021 0 1 255 255 255 0 1 490 K ZrCl5Na_S1(s) // isotherm  5021
130EXP   0  1.90729854000000E-0001  5.86999970000000E-0001  2.22270176000000E-0001
130EXP  -1  1.76879236000000E-0001  5.95475502000000E-0001  2.27645262000000E-0001
800COL 5021   1 255   0 174    0 155 255 (blue, green & red levels from 0-255)
801LIN  5021 0 1 255 255 255 0 1 490 K ZrCl5Na_S1(s) // isotherm  5021
130EXP   0  1.90729854000000E-0001  5.86999970000000E-0001  2.22270176000000E-0001
130EXP  -1  1.76879236000000E-0001  5.95475502000000E-0001  2.27645262000000E-0001
800COL 5021   1 255   0 174    0 155 255 (blue, green & red levels from 0-255)
801LIN  5021 0 1 255 255 255 0 1 490 K ZrCl5Na_S1(s) // isotherm  5021
130EXP   0  1.90729854000000E-0001  5.86999970000000E-0001  2.22270176000000E-0001
130EXP  -1  1.76879236000000E-0001  5.95475502000000E-0001  2.27645262000000E-0001
800COL 5021   1 255   0 174    0 155 255 (blue, green & red levels from 0-255)
801LIN  5021 0 1 255 255 255 0 1 490 K ZrCl5Na_S1(s) // isotherm  5021
130EXP   0  1.90729854000000E-0001  5.86999970000000E-0001  2.22270176000000E-0001
130EXP  -1  1.76879236000000E-0001  5.95475502000000E-0001  2.27645262000000E-0001
800COL 5021   1 255   0 174    0 155 255 (blue, green & red levels from 0-255)
801LIN  5021 0 1 255 255 255 0 1 490 K ZrCl5Na_S1(s) // isotherm  5021
130EXP   0  1.90729854000000E-0001  5.86999970000000E-0001  2.22270176000000E-0001
130EXP  -1  1.76879236000000E-0001  5.95475502000000E-0001  2.27645262000000E-0001
300COL 255   0 162 (blue, green & red levels from 0-255)
800COL 5022   1 255   0 162    0 128 128 (blue, green & red levels from 0-255)
801LIN  5022 0 1 255 255 255 0 1 495 K Zr2Cl9Na_S1(s) // isotherm  5022
130EXP   0  1.95909900000000E-0001  6.28880779000000E-0001  1.75209321000000E-0001
130EXP  -1  1.88146444000000E-0001  6.15660282000000E-0001  1.96193274000000E-0001
130EXP  -1  1.78105201000000E-0001  6.04458434000000E-0001  2.17436365000000E-0001
130EXP  -1  1.69083526000000E-0001  5.96683823000000E-0001  2.34232651000000E-0001
800COL 5023   1 255   0 162    0   0 255 (blue, green & red levels from 0-255)
801LIN  5023 0 1 255 255 255 0 1 495 K ZrCl4_S1(s) // isotherm  5023
130EXP   0  3.45606612000000E-0001  6.54383388000000E-0001  1.00000000000000E-0005
130EXP  -1  3.45127039000000E-0001  6.54288331078000E-0001  5.84629922000000E-0004
130EXP  -1  3.32859043000000E-0001  6.52013847700000E-0001  1.51271093000000E-0002
130EXP  -1  3.20092330000000E-0001  6.49877612800000E-0001  3.00300572000000E-0002
130EXP  -1  3.06873010000000E-0001  6.47806315900000E-0001  4.53206741000000E-0002
130EXP  -1  2.93238914000000E-0001  6.45739545300000E-0001  6.10215407000000E-0002
130EXP  -1  2.79221585000000E-0001  6.43626865900000E-0001  7.71515491000000E-0002
130EXP  -1  2.64847928000000E-0001  6.41425393500000E-0001  9.37266785000000E-0002
130EXP  -1  2.50141523000000E-0001  6.39097842000000E-0001  1.10760635000000E-0001
130EXP  -1  2.35123678000000E-0001  6.36610940000000E-0001  1.28265382000000E-0001
130EXP  -1  2.19814271000000E-0001  6.33934137000000E-0001  1.46251592000000E-0001
130EXP  -1  2.04232413000000E-0001  6.31038551000000E-0001  1.64729036000000E-0001
130EXP  -1  1.96160740000000E-0001  6.29463322000000E-0001  1.74375938000000E-0001
800COL 5024   1 255   0 162    0 255   0 (blue, green & red levels from 0-255)
801LIN  5024 0 1 255 255 255 0 1 495 K ZrK2Cl6_S1(s) // isotherm  5024
130EXP   0  3.47982968000000E-0001  6.52007032000000E-0001  1.00000000000000E-0005
130EXP  -1  3.47553497000000E-0001  6.51847312940000E-0001  5.99190060000000E-0004
130EXP  -1  3.36677782000000E-0001  6.47782102200000E-0001  1.55401158000000E-0002
130EXP  -1  3.25537716000000E-0001  6.43566915800000E-0001  3.08953682000000E-0002
130EXP  -1  3.14137219000000E-0001  6.39185978900000E-0001  4.66768021000000E-0002
130EXP  -1  3.02480259000000E-0001  6.34624022900000E-0001  6.28957181000000E-0002
130EXP  -1  2.90571133000000E-0001  6.29865922800000E-0001  7.95629442000000E-0002
130EXP  -1  2.78414775000000E-0001  6.24896311200000E-0001  9.66889138000000E-0002
130EXP  -1  2.66017107000000E-0001  6.19699143000000E-0001  1.14283750000000E-0001
130EXP  -1  2.53385482000000E-0001  6.14257154000000E-0001  1.32357364000000E-0001
130EXP  -1  2.40529248000000E-0001  6.08551167000000E-0001  1.50919585000000E-0001
130EXP  -1  2.27460517000000E-0001  6.02559150000000E-0001  1.69980333000000E-0001
130EXP  -1  2.14195234000000E-0001  5.96254913000000E-0001  1.89549853000000E-0001
130EXP  -1  2.00754699000000E-0001  5.89606253000000E-0001  2.09639048000000E-0001
130EXP  -1  1.89727642000000E-0001  5.83924265000000E-0001  2.26348093000000E-0001
800COL 5024   1 255   0 162    0 255   0 (blue, green & red levels from 0-255)
801LIN  5024 0 1 255 255 255 0 1 495 K ZrK2Cl6_S1(s) // isotherm  5024
130EXP   0  3.47982968000000E-0001  6.52007032000000E-0001  1.00000000000000E-0005
130EXP  -1  3.47553497000000E-0001  6.51847312940000E-0001  5.99190060000000E-0004
130EXP  -1  3.36677782000000E-0001  6.47782102200000E-0001  1.55401158000000E-0002
130EXP  -1  3.25537716000000E-0001  6.43566915800000E-0001  3.08953682000000E-0002
130EXP  -1  3.14137219000000E-0001  6.39185978900000E-0001  4.66768021000000E-0002
130EXP  -1  3.02480259000000E-0001  6.34624022900000E-0001  6.28957181000000E-0002
130EXP  -1  2.90571133000000E-0001  6.29865922800000E-0001  7.95629442000000E-0002
130EXP  -1  2.78414775000000E-0001  6.24896311200000E-0001  9.66889138000000E-0002
130EXP  -1  2.66017107000000E-0001  6.19699143000000E-0001  1.14283750000000E-0001
130EXP  -1  2.53385482000000E-0001  6.14257154000000E-0001  1.32357364000000E-0001
130EXP  -1  2.40529248000000E-0001  6.08551167000000E-0001  1.50919585000000E-0001
130EXP  -1  2.27460517000000E-0001  6.02559150000000E-0001  1.69980333000000E-0001
130EXP  -1  2.14195234000000E-0001  5.96254913000000E-0001  1.89549853000000E-0001
